117 23天印大道地铁站
龙眠大道地铁站
南医大地铁站
南京交院地铁站
药科大学地铁站
经天路地铁站
南大地铁站
羊山公园地铁站
仙林中心地铁站
学则路地铁站
仙鹤门地铁站
金马路地铁站
马群地铁站
钟灵街地铁站
孝陵卫地铁站
下马坊地铁站
苜蓿园地铁站
明故宫地铁站
西安门地铁站
大行宫地铁
、新街地铁站
上海路地铁站
汉中门地铁站
莫愁湖地铁站
云锦路地铁站
集庆门地铁站
兴隆大街地铁站
奥体东地铁站
元通地铁站
雨润大街地铁站
油坊桥地铁站
螺塘路地铁站
青莲街地铁站
天保街地铁站
鱼嘴地铁站
南医大二附院总站安德门
能仁里
雨花西路
窑湾街
钓鱼台
中山南路·新桥
中山南路·升州路
三元巷
新街口南
新街口北
中山路·珠江路北
中山北路·鼓楼
中山北路·大方巷
草泥马
中山北路·虹桥
中山北路·三牌楼
萨家湾
南医二附院东院
盐仓桥广场西
挹江门
热河南路
南医大二附院
姜家圩
姜家园南
南医大二附院总站
丁家庄九乡河西路
啊啊啊
文澜路东
紫金学院
文澜路·南工院西
邮电大学北
学海路
文澜路北
文澜路
文澜路南
亚东新城区
文苑路西
仙隐北路
雁鸣山庄
亚东花园城
尧胜村
仙尧路·尧胜村
花卉物流中心
海子口
尧化门西
金尧山庄
丁家庄
珍珠泉东站
瑞龙郊野公园站
石佛寺站
定山大街站
江北商务区站
江北市民中心站
马骡圩站
西江口站
绿水湾路站
行知路站
卓越路站
江淼路站
城南河站
浦口万汇城站
临滁路站
七里河站
江北商务区站
广西埂大街站
南京铁道学院站
新马路站
浦东路站
柳洲南路站
长江大桥北站
明滨路站
柳洲东路站
浦洲路站
八卦洲大桥南地铁站
笆斗山地铁站
燕子矶地铁站
吉祥庵地铁站
晓庄地铁站
迈皋桥地铁站
红山地铁站
南京站地铁站
新模范地铁站
0 0 0 
0 0 0 33
49 9 0 A1
49 51 7 A1
51 22 17 A1
22 14 17 A1
14 109 5 A1
109 34 21 A1
34 61 21 A1
61 54 20 A1
54 5 5 A1
5 11 9 A1
11 28 22 A1
28 116 15 A1
116 105 11 A1
105 99 18 A1
99 88 13 A1
2 76 18 D22
76 85 15 D22
85 83 20 D22
83 100 20 D22
100 78 13 D22
78 31 6 D22
31 8 15 D22
8 60 22 D22
60 7 24 D22
7 26 12 D22
26 34 9 D22
34 95 13 D22
95 52 7 D22
52 38 11 D22
38 90 9 D22
90 112 10 D22
112 44 7 D22
44 111 23 D22
43 62 28 E4
62 38 20 E4
38 104 8 E4
104 109 10 E4
109 31 19 E4
31 97 14 E4
97 8 22 E4
8 78 8 E4
78 60 21 E4
60 96 19 E4
96 100 19 E4
100 1 17 E4
1 101 21 E4
101 82 20 E4
82 93 21 E4
93 30 21 E4
30 3 10 E4
3 88 11 E4
88 48 6 E4
48 36 18 E4
36 21 24 E4
21 85 17 E4
85 23 9 E4
23 33 23 E4
62 85 15 F15
85 36 22 F15
36 86 6 F15
86 22 20 F15
22 26 5 F15
26 114 9 F15
114 81 14 F15
81 13 8 F15
13 24 24 F15
24 4 22 F15
4 49 14 F15
49 73 18 F15
73 74 19 F15
74 87 23 F15
87 44 16 F15
44 110 6 F15
110 8 24 F15
8 117 21 F15
117 1 23 F15
1 51 9 F15
107 5 11 H9
5 65 5 H9
65 24 10 H9
24 32 17 H9
32 89 19 H9
89 105 9 H9
105 17 10 H9
17 108 19 H9
108 46 20 H9
46 87 8 H9
87 101 12 H9
101 15 18 H9
15 115 20 H9
115 92 11 H9
92 104 20 H9
104 23 22 H9
23 21 7 H9
21 79 11 H9
79 50 16 H9
50 63 24 H9
63 110 6 H9
110 18 5 H9
18 64 20 H9
106 43 10 I14
43 55 8 I14
55 97 5 I14
97 54 22 I14
54 99 17 I14
99 104 24 I14
104 63 10 I14
63 111 15 I14
111 67 19 I14
67 4 12 I14
4 78 7 I14
78 57 6 I14
57 85 7 I14
85 20 8 I14
20 14 17 I14
14 82 12 I14
82 34 16 I14
34 93 9 I14
93 94 18 I5
94 58 24 I5
58 114 6 I5
114 3 6 I5
3 81 14 I5
81 115 14 I5
115 64 17 I5
64 112 19 I5
112 27 9 I5
27 72 10 I5
72 2 19 I5
2 34 17 I5
34 16 10 I5
16 113 20 I5
113 96 8 I5
96 51 24 I5
5 56 17 K13
56 63 6 K13
63 100 20 K13
100 3 7 K13
3 53 15 K13
53 27 21 K13
27 41 17 K13
41 15 36 K13
15 72 23 K13
72 89 10 K13
89 60 13 K13
60 93 11 K13
93 82 21 K13
29 104 24 K23
104 39 24 K23
39 90 15 K23
90 75 24 K23
75 66 23 K23
66 99 21 K23
99 36 16 K23
36 64 21 K23
64 11 10 K23
11 14 16 K23
14 41 12 K23
41 54 18 K23
54 12 19 K23
57 100 7 L2
100 24 10 L2
24 23 24 L2
23 85 9 L2
85 27 16 L2
27 61 23 L2
61 104 18 L2
104 1 5 L2
1 64 23 L2
64 52 5 L2
52 33 11 L2
33 28 10 L2
28 50 11 L2
50 94 15 L2
55 20 15 L6
20 49 24 L6
49 108 18 L6
108 105 17 L6
105 63 8 L6
63 80 9 L6
80 113 12 L6
113 67 17 L6
67 6 12 L6
6 115 12 L6
115 24 20 L6
24 38 13 L6
38 87 19 L6
87 93 21 L6
93 65 20 L6
65 94 5 L6
94 21 7 L6
21 3 18 L6
3 39 14 L6
39 77 9 L6
77 36 23 L6
71 92 23 N19
92 51 20 N19
51 64 23 N19
64 50 12 N19
50 20 18 N19
20 95 43 N19
95 14 21 N19
14 45 11 N19
45 34 6 N19
34 63 7 N19
63 30 18 N19
30 84 8 N19
84 7 18 N19
7 9 21 N19
9 54 6 N19
48 43 6 N21
43 9 5 N21
9 54 6 N21
54 13 16 N21
13 100 24 N21
100 32 20 N21
32 77 21 N21
77 11 9 N21
11 64 10 N21
64 41 11 N21
41 76 12 N21
25 18 11 N8
18 100 18 N8
100 72 10 N8
72 84 12 N8
84 9 9 N8
9 74 10 N8
74 35 15 N8
35 16 9 N8
16 116 13 N8
116 92 5 N8
92 26 6 N8
26 93 29 N8
93 95 5 N8
95 44 20 N8
44 54 7 N8
54 96 7 N8
96 52 9 N8
52 97 23 N8
97 113 14 N8
113 104 22 N8
17 41 24 P12
41 43 17 P12
43 21 11 P12
21 74 7 P12
74 92 15 P12
92 14 5 P12
14 91 13 P12
91 44 11 P12
44 55 19 P12
55 38 22 P12
38 42 10 P12
42 56 10 P12
56 80 20 P12
80 84 18 P12
61 66 8 Q10
66 22 8 Q10
22 58 23 Q10
58 20 15 Q10
20 2 8 Q10
2 43 6 Q10
43 56 20 Q10
56 98 22 Q10
98 41 22 Q10
41 17 24 Q10
17 30 20 Q10
30 42 20 Q10
42 16 8 Q10
16 29 20 Q10
29 46 8 Q10
46 51 5 Q10
51 12 20 Q10
12 10 15 Q10
10 3 7 Q10
3 77 6 Q10
77 50 10 Q10
50 27 16 Q10
27 52 16 Q10
52 54 12 Q10
54 15 12 Q10
15 81 16 Q10
81 70 5 Q10
70 69 6 Q10
88 75 20 Q17
75 20 17 Q17
20 81 8 Q17
81 114 14 Q17
114 87 8 Q17
87 111 20 Q17
111 42 19 Q17
42 32 11 Q17
32 39 13 Q17
39 48 22 Q17
48 10 21 Q17
32 11 13 R7
11 53 14 R7
53 93 20 R7
93 70 15 R7
70 84 10 R7
84 110 19 R7
110 83 22 R7
83 30 22 R7
30 20 12 R7
20 105 14 R7
105 85 17 R7
85 91 12 R7
91 19 10 R7
19 13 15 R7
13 24 24 R7
24 59 8 R7
67 12 20 V20
12 110 24 V20
110 17 15 V20
17 88 20 V20
88 55 20 V20
55 13 7 V20
13 66 21 V20
66 35 22 V20
35 116 20 V20
116 63 24 V20
63 14 22 V20
14 37 8 V20
37 111 10 V20
111 70 21 V20
56 67 7 X16
67 113 17 X16
113 101 10 X16
101 115 16 X16
115 71 18 X16
71 63 6 X16
63 81 15 X16
81 51 18 X16
51 26 9 X16
26 43 12 X16
43 15 18 X16
15 52 6 X16
52 35 21 X16
35 100 7 X16
100 60 14 X16
60 93 11 X16
93 98 14 X16
37 108 17 X18
108 15 9 X18
15 4 20 X18
4 114 16 X18
114 32 6 X18
32 70 11 X18
70 38 18 X18
38 71 15 X18
71 67 6 X18
67 116 11 X18
116 12 14 X18
12 102 18 X18
102 42 16 X18
42 48 7 X18
48 35 11 X18
35 89 23 X18
89 96 8 X18
96 78 5 X18
78 107 11 X18
107 40 5 X18
40 52 17 X18
52 85 14 X18
85 45 5 X18
45 8 7 X18
8 36 7 X18
91 22 8 Y3
22 94 21 Y3
94 95 5 Y3
95 6 5 Y3
6 32 16 Y3
32 1 24 Y3
1 69 21 Y3
69 26 19 Y3
26 58 17 Y3
58 102 17 Y3
102 2 16 Y3
2 19 23 Y3
19 80 23 Y3
80 107 24 Y3
107 76 10 Y3
76 53 15 Y3
53 81 15 Y3
81 56 6 Y3
56 17 22 Y3
17 84 14 Y3
84 21 17 Y3
21 64 22 Y3
64 116 7 Y3
116 46 13 Y3
46 40 14 Y3
33 69 7 Z11
69 80 18 Z11
80 72 8 Z11
72 34 19 Z11
34 39 13 Z11
39 23 7 Z11
23 75 6 Z11
75 38 21 Z11
38 112 14 Z11
112 97 16 Z11
97 65 10 Z11
